{"similarity": [[1.0000000000000002, 0.25, 0.25, 0.25, 0.25, 0.25, 0.25, 0.25, 0.25, 0.25, 0.25, 0.05, 0.05, 0.05, 0.0, 0.05, 0.05, 0.05, 0.05, 0.05, 0.05, 0.05, 0.05, 0.05, 0.05, 0.05, 0.05, 0.05, 0.05, 0.05, 0.05, 0.05], [0.25, 1.0, 0.47481807059717124, 0.4923263042295032, 0.5255445456007564, 0.49736814286987907, 0.2716993950350551, 0.3062867784896037, 0.27072382005270373, 0.2911824653765746, 0.3187552395993122, 0.11768109122612941, 0.08326098412577283, 0.0974028628868569, 0.04695283501365004, 0.09793193587316275, 0.051604260025556827, 0.06076831794905691, 0.06027927301949344, 0.053900788102735374, 0.07587474260765664, 0.07433338546259968, 0.0689488321593505, 0.07694872948526713, 0.06313209327668277, 0.08110993219026366, 0.05, 0.05849057086517724, 0.07005645391739293, 0.057359447761355264, 0.05, 0.05], [0.25, 0.47481807059717124, 1.0, 0.42442805157055746, 0.4515420251807389, 0.4166918295125977, 0.2759641547722126, 0.3616457172340875, 0.2530888893177231, 0.2717392141937412, 0.2820181538857799, 0.09839438826030666, 0.05986227717119942, 0.056853116493314, 0.027910866509927936, 0.10219537698368923, 0.06467600883410012, 0.07396991371935384, 0.06431793171296063, 0.055561364396102195, 0.0691979318087538, 0.06603956699543903, 0.057749657286745235, 0.06552473932839831, 0.05809224621192789, 0.06981348945057489, 0.05, 0.05, 0.06834821948682121, 0.05, 0.05, 0.05], [0.25, 0.4923263042295032, 0.42442805157055746, 1.0, 0.5018754299558994, 0.4631228208830214, 0.25173785723544423, 0.296695581811735, 0.2518192512475116, 0.26442224163278855, 0.3168395501469709, 0.06700558008313547, 0.11998077383233216, 0.0613890171330244, 0.008614039291124403, 0.06666414391377859, 0.06942534032512596, 0.05739721518226991, 0.05156573313548017, 0.05327545537401558, 0.07962987109112057, 0.11587899194358346, 0.053011978541416205, 0.07011157750727236, 0.09025606301693218, 0.0827572337355543, 0.05, 0.05, 0.05305498787892304, 0.05, 0.05, 0.05], [0.25, 0.5255445456007564, 0.4515420251807389, 0.5018754299558994, 1.0, 0.45150816175219677, 0.26011912866631837, 0.27538960780584004, 0.29517516825535484, 0.28087596234605294, 0.2601429117073193, 0.05713021352405272, 0.05620261727450729, 0.056343374975660006, 0.026016749776271535, 0.0908638483790182, 0.0689106320303518, 0.06915773315371021, 0.06176681994412139, 0.0770384056505452, 0.05569106161690401, 0.07344975763382694, 0.05606895314972057, 0.05184181168533625, 0.056744119817416616, 0.08430979234801075, 0.05, 0.06233470153018225, 0.053031193682795165, 0.05, 0.058476989121502, 0.05], [0.25, 0.49736814286987907, 0.4166918295125977, 0.4631228208830214, 0.45150816175219677, 1.0000000000000002, 0.4549701993552572, 0.2734883592127366, 0.2517673690407068, 0.2762686936183282, 0.3226673242638186, 0.07665846243009375, 0.05159524477336599, 0.05621084585256352, 0.006586434596958784, 0.10895851174559414, 0.05130866549346185, 0.0788392849669853, 0.07467792558003668, 0.059629753914979294, 0.051820068471495034, 0.05150861122828704, 0.052926081613330456, 0.05782435505282392, 0.05752576379011669, 0.10029151036963993, 0.05, 0.06084556564536782, 0.0680287280644461, 0.05, 0.05, 0.05], [0.25, 0.2716993950350551, 0.2759641547722126, 0.25173785723544423, 0.26011912866631837, 0.4549701993552572, 1.0000000000000002, 0.4219274289936027, 0.4589446374532572, 0.44068795255279647, 0.5219048168641655, 0.07402086726722441, 0.05143741084318879, 0.05559634315868138, 0.018864701703727896, 0.08658528730000303, 0.05604099646267414, 0.05911723645583703, 0.05419606123822489, 0.058676983573764906, 0.06602543852080252, 0.07509601216034682, 0.08531617446888304, 0.07548922942685336, 0.06311490542851331, 0.08562499936298076, 0.05, 0.059772502577315124, 0.05267422312167254, 0.05, 0.05, 0.05], [0.25, 0.3062867784896037, 0.3616457172340875, 0.296695581811735, 0.27538960780584004, 0.2734883592127366, 0.4219274289936027, 1.0000000000000002, 0.4062063101310064, 0.4540247363711023, 0.4545869870673784, 0.08012481905744848, 0.0676526882029618, 0.06479607777506885, 0.030418438544140315, 0.08982523553257962, 0.06150818965600037, 0.06064044438411961, 0.05401574034781826, 0.06044627997097102, 0.06533676379010428, 0.07746566563272927, 0.05512414656849575, 0.0646387229445153, 0.08177815496354016, 0.05943078583542222, 0.05, 0.05, 0.06410864909132245, 0.05, 0.05715730269233012, 0.05], [0.25, 0.27072382005270373, 0.2530888893177231, 0.2518192512475116, 0.29517516825535484, 0.2517673690407068, 0.4589446374532572, 0.4062063101310064, 1.0, 0.4484220466008525, 0.47123421383278197, 0.06558325523294734, 0.0689050116192812, 0.05153888051918571, 0.024938911707000893, 0.05692669781550985, 0.05123441395422442, 0.051341602028132864, 0.08097553090810425, 0.06654635759132366, 0.061643082512232036, 0.2981867159603391, 0.08310080047799952, 0.06879447680226317, 0.11664264117712182, 0.06555951687565234, 0.05, 0.05, 0.052799472621226834, 0.05, 0.06258648159499401, 0.05], [0.25, 0.2911824653765746, 0.2717392141937412, 0.26442224163278855, 0.28087596234605294, 0.2762686936183282, 0.44068795255279647, 0.4540247363711023, 0.4484220466008525, 1.0000000000000002, 0.511389048679322, 0.09677249148183548, 0.07799285851888915, 0.08840552870065942, 0.06262067026458173, 0.11498072757121959, 0.06285378884244577, 0.09043632059907131, 0.05386535474708847, 0.06005507686699556, 0.0725820543711222, 0.06816393660191102, 0.06477500927142042, 0.056494559142549874, 0.09344623477732417, 0.09658990006953123, 0.05, 0.06149798935917339, 0.07608147366536384, 0.05996621468604736, 0.05688926861348939, 0.05], [0.25, 0.3187552395993122, 0.2820181538857799, 0.3168395501469709, 0.2601429117073193, 0.3226673242638186, 0.5219048168641655, 0.4545869870673784, 0.47123421383278197, 0.511389048679322, 1.0000000000000002, 0.09618958181692552, 0.08617160926980544, 0.0632363183707357, 0.03877831682965493, 0.1757629104601584, 0.056055194648238896, 0.07321506447996995, 0.0960354058123068, 0.05869737713361615, 0.08561769098466179, 0.12207825319452958, 0.0789446922604603, 0.07735994884585459, 0.09793982369845855, 0.18249158906914442, 0.09755271333509244, 0.06605099780566967, 0.05268050836225456, 0.05542215875820334, 0.05, 0.07467215867396707], [0.05, 0.11768109122612941, 0.09839438826030666, 0.06700558008313547, 0.05713021352405272, 0.07665846243009375, 0.07402086726722441, 0.08012481905744848, 0.06558325523294734, 0.09677249148183548, 0.09618958181692552, 0.9999999999999996, 0.3478973333959289, 0.30109096133379126, 0.3320171409098592, 0.4674801948982044, 0.2615387719992038, 0.2585972898568037, 0.2514887168849029, 0.253114340247738, 0.2563914956642594, 0.2514765125596763, 0.2868307313523857, 0.26562261292778255, 0.26615252869893147, 0.2610796619174513, 0.25, 0.2567787651816182, 0.2660128210035398, 0.25587569069651384, 0.25, 0.25], [0.05, 0.08326098412577283, 0.05986227717119942, 0.11998077383233216, 0.05620261727450729, 0.05159524477336599, 0.05143741084318879, 0.0676526882029618, 0.0689050116192812, 0.07799285851888915, 0.08617160926980544, 0.3478973333959289, 1.0, 0.3559557741888739, 0.3614664946064907, 0.3464483548271719, 0.25111419424200115, 0.269184385860659, 0.25878279286203787, 0.26031374826477943, 0.26811969963902854, 0.2903611989703614, 0.2676352075597453, 0.25775745254963006, 0.2699298999928181, 0.25604026430292176, 0.26324198193150233, 0.2558968901665423, 0.2525268316714473, 0.25511130003202814, 0.2570664981628536, 0.2616288374284192], [0.05, 0.0974028628868569, 0.056853116493314, 0.0613890171330244, 0.056343374975660006, 0.05621084585256352, 0.05559634315868138, 0.06479607777506885, 0.05153888051918571, 0.08840552870065942, 0.0632363183707357, 0.30109096133379126, 0.3559557741888739, 1.0000000000000009, 0.29351487871519594, 0.2959615054828837, 0.25113947895862976, 0.2640586873253542, 0.2513244329081702, 0.2527706642902839, 0.2704216164902321, 0.2513135753635853, 0.286663355835528, 0.2606488160790622, 0.26714473831267566, 0.2774732208347162, 0.25, 0.2620614198365581, 0.25258417375810716, 0.26045458434119917, 0.25, 0.25], [0.0, 0.04695283501365004, 0.027910866509927936, 0.008614039291124403, 0.026016749776271535, 0.006586434596958784, 0.018864701703727896, 0.030418438544140315, 0.024938911707000893, 0.06262067026458173, 0.03877831682965493, 0.3320171409098592, 0.3614664946064907, 0.29351487871519594, 0.9500000000000008, 0.38626117287922224, 0.21254620521766135, 0.22243039103277717, 0.2274028131267616, 0.23733427855609573, 0.2083307211666847, 0.24880459919545972, 0.2510382243303998, 0.22776069511757188, 0.2569886301771395, 0.2516654915561536, 0.2, 0.20561142461024073, 0.2132553253359918, 0.2048638645082421, 0.22425954259775968, 0.2], [0.05, 0.09793193587316275, 0.10219537698368923, 0.06666414391377859, 0.0908638483790182, 0.10895851174559414, 0.08658528730000303, 0.08982523553257962, 0.05692669781550985, 0.11498072757121959, 0.1757629104601584, 0.4674801948982044, 0.3464483548271719, 0.2959615054828837, 0.38626117287922224, 1.0000000000000002, 0.26205467917804975, 0.2735646977447304, 0.3180490121262196, 0.26901038387978077, 0.2683584401283316, 0.2869611466971553, 0.2943573543730488, 0.29414296895542924, 0.2798937882625903, 0.4021304958579988, 0.25, 0.25, 0.2526808350439552, 0.25, 0.2649943631996446, 0.25], [0.05, 0.051604260025556827, 0.06467600883410012, 0.06942534032512596, 0.0689106320303518, 0.05130866549346185, 0.05604099646267414, 0.06150818965600037, 0.05123441395422442, 0.06285378884244577, 0.056055194648238896, 0.2615387719992038, 0.25111419424200115, 0.25113947895862976, 0.21254620521766135, 0.26205467917804975, 1.0, 0.29790951938012633, 0.3814802713016907, 0.3036700543012011, 0.3316920696233186, 0.25539805442666175, 0.27139593603551704, 0.2661028646441674, 0.2573592276538534, 0.25666815347737904, 0.270221311726978, 0.281300127840785, 0.26887396233979993, 0.28160104938023434, 0.2667389782521846, 0.2803364217280766], [0.05, 0.06076831794905691, 0.07396991371935384, 0.05739721518226991, 0.06915773315371021, 0.0788392849669853, 0.05911723645583703, 0.06064044438411961, 0.051341602028132864, 0.09043632059907131, 0.07321506447996995, 0.2585972898568037, 0.269184385860659, 0.2640586873253542, 0.22243039103277717, 0.2735646977447304, 0.29790951938012633, 1.0, 0.5421516931178191, 0.5216245470336844, 0.3079328353636557, 0.25814689081734155, 0.27096432314344493, 0.25691645144205, 0.27233847430645225, 0.26800535779817247, 0.3982612305153582, 0.309868587135594, 0.30481075344020064, 0.27270788909332777, 0.28079328639134254, 0.29100984638949035], [0.05, 0.06027927301949344, 0.06431793171296063, 0.05156573313548017, 0.06176681994412139, 0.07467792558003668, 0.05419606123822489, 0.05401574034781826, 0.08097553090810425, 0.05386535474708847, 0.0960354058123068, 0.2514887168849029, 0.25878279286203787, 0.2513244329081702, 0.2274028131267616, 0.3180490121262196, 0.3814802713016907, 0.5421516931178191, 0.9999999999999998, 0.5617021386828689, 0.3718436108365446, 0.2874227805505042, 0.27296682420830487, 0.2663222557395692, 0.28333106437064803, 0.299845342928292, 0.269931915926646, 0.3137007047318847, 0.26217341884661227, 0.30011281234067766, 0.27056049618504935, 0.28666614447527927], [0.05, 0.053900788102735374, 0.055561364396102195, 0.05327545537401558, 0.0770384056505452, 0.059629753914979294, 0.058676983573764906, 0.06044627997097102, 0.06654635759132366, 0.06005507686699556, 0.05869737713361615, 0.253114340247738, 0.26031374826477943, 0.2527706642902839, 0.23733427855609573, 0.26901038387978077, 0.3036700543012011, 0.5216245470336844, 0.5617021386828689, 1.0000000000000002, 0.31419575359726803, 0.25256205537695103, 0.25496932741203515, 0.2653264844697848, 0.2745072170431844, 0.26846147546049753, 0.2708484126882638, 0.48809068109181236, 0.2550402865762216, 0.292421249899696, 0.286756810379901, 0.27489191924048967], [0.05, 0.07587474260765664, 0.0691979318087538, 0.07962987109112057, 0.05569106161690401, 0.051820068471495034, 0.06602543852080252, 0.06533676379010428, 0.061643082512232036, 0.0725820543711222, 0.08561769098466179, 0.2563914956642594, 0.26811969963902854, 0.2704216164902321, 0.2083307211666847, 0.2683584401283316, 0.3316920696233186, 0.3079328353636557, 0.3718436108365446, 0.31419575359726803, 0.9999999999999998, 0.27483708533630663, 0.2806042274531105, 0.2940086274601708, 0.2701476704408564, 0.2555420985704852, 0.2709275719347391, 0.27579497440724315, 0.2839112786768776, 0.2837933725971919, 0.26164013520416496, 0.26683050004587033], [0.05, 0.07433338546259968, 0.06603956699543903, 0.11587899194358346, 0.07344975763382694, 0.05150861122828704, 0.07509601216034682, 0.07746566563272927, 0.2981867159603391, 0.06816393660191102, 0.12207825319452958, 0.2514765125596763, 0.2903611989703614, 0.2513135753635853, 0.24880459919545972, 0.2869611466971553, 0.25539805442666175, 0.25814689081734155, 0.2874227805505042, 0.25256205537695103, 0.27483708533630663, 1.0, 0.2911759956695626, 0.40119093771929876, 0.4075482440228745, 0.433493397424298, 0.25, 0.25, 0.25238960609379923, 0.25, 0.25, 0.25], [0.05, 0.0689488321593505, 0.057749657286745235, 0.053011978541416205, 0.05606895314972057, 0.052926081613330456, 0.08531617446888304, 0.05512414656849575, 0.08310080047799952, 0.06477500927142042, 0.0789446922604603, 0.2868307313523857, 0.2676352075597453, 0.286663355835528, 0.2510382243303998, 0.2943573543730488, 0.27139593603551704, 0.27096432314344493, 0.27296682420830487, 0.25496932741203515, 0.2806042274531105, 0.2911759956695626, 1.0, 0.30820092474129684, 0.27088488311418446, 0.28578496030167505, 0.25, 0.25, 0.2795766093083218, 0.25, 0.25935678688220176, 0.25], [0.05, 0.07694872948526713, 0.06552473932839831, 0.07011157750727236, 0.05184181168533625, 0.05782435505282392, 0.07548922942685336, 0.0646387229445153, 0.06879447680226317, 0.056494559142549874, 0.07735994884585459, 0.26562261292778255, 0.25775745254963006, 0.2606488160790622, 0.22776069511757188, 0.29414296895542924, 0.2661028646441674, 0.25691645144205, 0.2663222557395692, 0.2653264844697848, 0.2940086274601708, 0.40119093771929876, 0.30820092474129684, 0.9999999999999998, 0.4463899762185112, 0.45243705627662784, 0.25, 0.25, 0.2528564364831873, 0.25, 0.25, 0.25], [0.05, 0.06313209327668277, 0.05809224621192789, 0.09025606301693218, 0.056744119817416616, 0.05752576379011669, 0.06311490542851331, 0.08177815496354016, 0.11664264117712182, 0.09344623477732417, 0.09793982369845855, 0.26615252869893147, 0.2699298999928181, 0.26714473831267566, 0.2569886301771395, 0.2798937882625903, 0.2573592276538534, 0.27233847430645225, 0.28333106437064803, 0.2745072170431844, 0.2701476704408564, 0.4075482440228745, 0.27088488311418446, 0.4463899762185112, 0.9999999999999996, 0.4630506215336296, 0.25, 0.26282340408032556, 0.25274742980204873, 0.261115056213589, 0.270035915565281, 0.25], [0.05, 0.08110993219026366, 0.06981348945057489, 0.0827572337355543, 0.08430979234801075, 0.10029151036963993, 0.08562499936298076, 0.05943078583542222, 0.06555951687565234, 0.09658990006953123, 0.18249158906914442, 0.2610796619174513, 0.25604026430292176, 0.2774732208347162, 0.2516654915561536, 0.4021304958579988, 0.25666815347737904, 0.26800535779817247, 0.299845342928292, 0.26846147546049753, 0.2555420985704852, 0.433493397424298, 0.28578496030167505, 0.45243705627662784, 0.4630506215336296, 1.0, 0.25, 0.26078705267355407, 0.25295185244988116, 0.25, 0.2582551046632056, 0.25], [0.05, 0.05, 0.05, 0.05, 0.05, 0.05, 0.05, 0.05, 0.05, 0.05, 0.09755271333509244, 0.25, 0.26324198193150233, 0.25, 0.2, 0.25, 0.270221311726978, 0.3982612305153582, 0.269931915926646, 0.2708484126882638, 0.2709275719347391, 0.25, 0.25, 0.25, 0.25, 0.25, 0.9999999999999998, 0.30456660412028647, 0.2785914059631541, 0.3632171540194638, 0.32157122890316664, 0.4850647559418415], [0.05, 0.05849057086517724, 0.05, 0.05, 0.06233470153018225, 0.06084556564536782, 0.059772502577315124, 0.05, 0.05, 0.06149798935917339, 0.06605099780566967, 0.2567787651816182, 0.2558968901665423, 0.2620614198365581, 0.20561142461024073, 0.25, 0.281300127840785, 0.309868587135594, 0.3137007047318847, 0.48809068109181236, 0.27579497440724315, 0.25, 0.25, 0.25, 0.26282340408032556, 0.26078705267355407, 0.30456660412028647, 1.0, 0.39705843353673126, 0.4663493882309951, 0.3357294255563454, 0.5406894775270348], [0.05, 0.07005645391739293, 0.06834821948682121, 0.05305498787892304, 0.053031193682795165, 0.0680287280644461, 0.05267422312167254, 0.06410864909132245, 0.052799472621226834, 0.07608147366536384, 0.05268050836225456, 0.2660128210035398, 0.2525268316714473, 0.25258417375810716, 0.2132553253359918, 0.2526808350439552, 0.26887396233979993, 0.30481075344020064, 0.26217341884661227, 0.2550402865762216, 0.2839112786768776, 0.25238960609379923, 0.2795766093083218, 0.2528564364831873, 0.25274742980204873, 0.25295185244988116, 0.2785914059631541, 0.39705843353673126, 1.0000000000000002, 0.3349780991695204, 0.30040885818733426, 0.40977689054028743], [0.05, 0.057359447761355264, 0.05, 0.05, 0.05, 0.05, 0.05, 0.05, 0.05, 0.05996621468604736, 0.05542215875820334, 0.25587569069651384, 0.25511130003202814, 0.26045458434119917, 0.2048638645082421, 0.25, 0.28160104938023434, 0.27270788909332777, 0.30011281234067766, 0.292421249899696, 0.2837933725971919, 0.25, 0.25, 0.25, 0.261115056213589, 0.25, 0.3632171540194638, 0.4663493882309951, 0.3349780991695204, 1.0, 0.44158322586441767, 0.4660754498370795], [0.05, 0.05, 0.05, 0.05, 0.058476989121502, 0.05, 0.05, 0.05715730269233012, 0.06258648159499401, 0.05688926861348939, 0.05, 0.25, 0.2570664981628536, 0.25, 0.22425954259775968, 0.2649943631996446, 0.2667389782521846, 0.28079328639134254, 0.27056049618504935, 0.286756810379901, 0.26164013520416496, 0.25, 0.25935678688220176, 0.25, 0.270035915565281, 0.2582551046632056, 0.32157122890316664, 0.3357294255563454, 0.30040885818733426, 0.44158322586441767, 1.0, 0.36351036219672594], [0.05, 0.05, 0.05, 0.05, 0.05, 0.05, 0.05, 0.05, 0.05, 0.05, 0.07467215867396707, 0.25, 0.2616288374284192, 0.25, 0.2, 0.25, 0.2803364217280766, 0.29100984638949035, 0.28666614447527927, 0.27489191924048967, 0.26683050004587033, 0.25, 0.25, 0.25, 0.25, 0.25, 0.4850647559418415, 0.5406894775270348, 0.40977689054028743, 0.4660754498370795, 0.36351036219672594, 1.0]], "video_index_mapping": {"67d45800f4a84a51f1c1c08f": 0, "67c1e6cda5baaa94e75ba657": 1, "67c1e6a8a5baaa94e75ba650": 2, "67c1e689a5baaa94e75ba64d": 3, "67c1e66ea5baaa94e75ba64a": 4, "67c1e657a5baaa94e75ba647": 5, "67c1e4c1a5baaa94e75ba62f": 6, "67c1e433a5baaa94e75ba62c": 7, "67c1e3ffa5baaa94e75ba629": 8, "67c1e3dfa5baaa94e75ba626": 9, "67c1e3bfa5baaa94e75ba623": 10, "67c1e020a5baaa94e75ba604": 11, "67c1e000a5baaa94e75ba601": 12, "67c1dfdea5baaa94e75ba5fe": 13, "67c1dfbaa5baaa94e75ba5fb": 14, "67c1dfb0a5baaa94e75ba5f9": 15, "67c1deaba5baaa94e75ba5f2": 16, "67c1de93a5baaa94e75ba5ee": 17, "67c1de78a5baaa94e75ba5eb": 18, "67c1de70a5baaa94e75ba5e9": 19, "67c1de56a5baaa94e75ba5e7": 20, "67c1dd40a5baaa94e75ba5e2": 21, "67c1dd12a5baaa94e75ba5de": 22, "67c1dcf0a5baaa94e75ba5d9": 23, "67c1dcb8a5baaa94e75ba5d4": 24, "67c1dc95a5baaa94e75ba5cf": 25, "67c1d9a7a5baaa94e75ba5c8": 26, "67c1d94ea5baaa94e75ba5c3": 27, "67c1d8f5a5baaa94e75ba5b5": 28, "67c1d8b5a5baaa94e75ba5a8": 29, "67c1d7ada5baaa94e75ba5a0": 30, "67c1d5a6a5baaa94e75ba590": 31}, "index_to_video_id": {"0": "67d45800f4a84a51f1c1c08f", "1": "67c1e6cda5baaa94e75ba657", "2": "67c1e6a8a5baaa94e75ba650", "3": "67c1e689a5baaa94e75ba64d", "4": "67c1e66ea5baaa94e75ba64a", "5": "67c1e657a5baaa94e75ba647", "6": "67c1e4c1a5baaa94e75ba62f", "7": "67c1e433a5baaa94e75ba62c", "8": "67c1e3ffa5baaa94e75ba629", "9": "67c1e3dfa5baaa94e75ba626", "10": "67c1e3bfa5baaa94e75ba623", "11": "67c1e020a5baaa94e75ba604", "12": "67c1e000a5baaa94e75ba601", "13": "67c1dfdea5baaa94e75ba5fe", "14": "67c1dfbaa5baaa94e75ba5fb", "15": "67c1dfb0a5baaa94e75ba5f9", "16": "67c1deaba5baaa94e75ba5f2", "17": "67c1de93a5baaa94e75ba5ee", "18": "67c1de78a5baaa94e75ba5eb", "19": "67c1de70a5baaa94e75ba5e9", "20": "67c1de56a5baaa94e75ba5e7", "21": "67c1dd40a5baaa94e75ba5e2", "22": "67c1dd12a5baaa94e75ba5de", "23": "67c1dcf0a5baaa94e75ba5d9", "24": "67c1dcb8a5baaa94e75ba5d4", "25": "67c1dc95a5baaa94e75ba5cf", "26": "67c1d9a7a5baaa94e75ba5c8", "27": "67c1d94ea5baaa94e75ba5c3", "28": "67c1d8f5a5baaa94e75ba5b5", "29": "67c1d8b5a5baaa94e75ba5a8", "30": "67c1d7ada5baaa94e75ba5a0", "31": "67c1d5a6a5baaa94e75ba590"}}